$ANSIBLE_VAULT;1.1;AES256
65626636353134383662373938613761313265613339376165663761303165633436613261383536
6162346532326230633534636437333561323033346635380a636635326362636363353336346430
32373631303366373634336436383837663765386332306366386538333631316262663366363034
3836323562663366630a623132623135383366343335333234626633656339333063636162386433
33313363303230363938653766616263666437613339313930633838623435333336623935306266
66643135343533376365333361343061666338303233306634363532346138353631313639363561
34396661383637636631646534653065343833633661393962633531663564333533376238613231
63633666346633396633356130333734356234623239326563613433663034323665323661336633
32326532333066316461623362313936663838666237323835393465303633343236353263323039
34303638313861336566656366653161616461626336366164616138353437643338316464363465
316137376161646133383938623763643333
